0.0294386690635,0.540379375025,0.440819594859 0.384327367835 0.4027298093410.13936139560.4344743557990.5212061123290.6319681893090.7110165986710.2912385341780.06565509903610.04191012731960.509151227023

0.791891062864,0.666265046855,0.723117516328 0.136219655094 0.7404141629430.1607262329430.300637150080.8945137976830.9177435142570.2120712911550.6058104895830.6431735935260.9623543223870.56624972042

0.738062841633,0.742228051829,0.772143120069 0.724674136193 0.5211748662030.3509645355480.4183454800060.005562410991030.3859105560710.02563969781450.8022131825610.172292682480.8314445640070.410784410822

0.86549813433,0.208938470349,0.0214517299387 0.248941382168 0.6832701036720.224383331730.4859482565560.3367145959510.7671462211350.985217759660.3101703407350.4192042591910.2852213757310.952053236484

0.475618509082,0.647702114444,0.48630088383 0.743487692729 0.3303764116540.4912105143170.3191800533450.01518289905720.6993525769270.9487308573980.4164630503990.5491453923440.427982705140.318277793419

0.988423225189,0.0332735790664,0.928215867296 0.0969084694705 0.09524866829370.1709178208120.1274516351230.3097482396080.6377869748510.04855473161150.2720317726550.2702797990270.8062674260060.40423593735

0.161130803822,0.017215607264,0.112743416377 0.633887031831 0.1969046348260.4129380570730.6724612411560.553715241830.3029871843310.6140812411710.3778214327210.6414820292380.1438251081130.428245612856

0.631274999257,0.269761650172,0.676811950471 0.649272880047 0.5549845533560.4681448016060.6026417042160.2493134613930.8710478914130.7808281769010.09266874673540.9850132814690.7673800587250.225354917571
